0,539
0,538
0,537
0,536
0,534
0,475
0,273
0,270
333,35
317,3
317,1
316,4
316,3
316,1
312,4
312,3
312,1
246,5
246,4
246,3
246,1
170,3
170,1
167,11
167,10
167,9
167,8
167,7
167,6
167,5
167,4
167,3
167,2
167,1
167,0
165,5
165,3
165,1
163,11
163,10
163,9
163,8
163,7
163,6
163,5
163,4
163,3
3,2
163,2
163,1
163,0
159,3
159,1
156,3
156,1
155,3
155,1
10,177
84,4
10,185
84,3
84,1
83,4
83,3
10,69
83,1
81,4
81,3
10,23
81,1
80,4
80,3
10,283
80,1
75,3
75,1
10,189
10,7
10,293
8,9
8,4
8,10
8,16
8,18
0,306
14,9
12,3
12,2
12,1
11,27
11,26
11,25
11,23
11,22
11,21
11,20
20,2
20,1
11,18
11,12
11,11
11,10
11,9
20,3
11,8
11,7
11,5
19,2
19,1
11,4
11,3
19,3
11,2
11,1
10,305
10,291
10,285
10,282
10,222
10,219
10,217
